00000101
00011010
00100110
00011100
11001101
01101011
00111100
11100110
00001101
00011011
00001110
00110111
01000111
11000000
11110010
01111001
01010010
10010000
01110110
10111010
11101000
00100010
11011111
00001000
01110001
01110001
11011001
00110111
00111101
10101000
00010110
01100100
01011101
10011000
10100001
00100101
00110111
01101011
10011000
01010110
00110001
10011010
01011011
11110000
00000011
10001000
10111010
11010001
10110111
00100111
10000010
10011111
10010101
00111101
11010100
00010100
11111100
11001101
01101100
11100011
11001010
11001110
00100000
01110101
